 Group        Members
   1.1 287521, 513152
  1.10 287801, 289802
 1.100 291841, 293172
 1.101 291851, 510402
 1.102 291861, 292542
 1.103 291881, 292442
 1.104 291901, 294682
 1.105 291911, 510882
 1.106 291921, 511202
 1.107 291931, 292322
 1.108 291951, 511222
 1.109 291971, 508172
  1.11 287871, 512572
 1.110 291981, 292272
 1.111 291991, 293682
 1.112 292001, 288462
 1.113 292021, 511042
 1.114 292041, 513072
 1.115 292071, 288272
 1.116 292081, 293712
 1.117 292091, 288782
 1.118 292101, 510952
 1.119 292111, 287662
  1.12 287881, 294642
 1.120 292131, 510422
 1.121 292211, 293502
 1.122 292731, 297502
 1.123 292741, 507832
 1.124 292751, 507772
 1.125 292771, 288672
 1.126 292811, 510942
 1.127 292831, 294022
 1.128 292841, 294312
 1.129 292861, 293262
  1.13 287891, 512662
 1.130 292871, 289532
 1.131 292891, 512822
 1.132 292931, 507742
 1.133 293441, 294632
 1.134 293751, 513052
 1.135 293851, 508182
 1.136 293891, 512522
 1.137 293921, 293212
 1.138 293931, 293642
 1.139 294001, 292502
  1.14 287911, 297452
 1.140 294031, 510472
 1.141 294151, 293412
 1.142 294161, 288362
 1.143 294341, 511092
 1.144 294351, 288942
 1.145 294561, 288032
 1.146 294581, 293472
 1.147 294791, 292462
 1.148 294811, 502082
 1.149 295071, 511232
  1.15 287951, 294782
 1.150 295091, 510932
 1.151 297291, 293252
 1.152 297301, 288932
 1.153 297311, 293302
 1.154 297331, 287972
 1.155 297341, 510452
 1.156 297351, 501972
 1.157 297371, 293572
 1.158 297381, 512812
 1.159 297391, 289992
  1.16 287961, 293552
 1.160 297401, 297442
 1.161 501181, 288892
 1.162 501271, 502052
 1.163 501301, 292312
 1.164 501321, 513112
 1.165 501331, 293272
 1.166 501341, 294222
 1.167 501821, 501112
 1.168 501831, 501932
 1.169 501841, 292332
  1.17 288051, 297472
 1.170 501861, 293652
 1.171 501871, 512652
 1.172 501881, 501162
 1.173 501891, 512562
 1.174 501901, 290022
 1.175 501911, 287852
 1.176 502121, 287942
 1.177 502161, 501992
 1.178 507911, 294652
 1.179 507951, 289472
  1.18 288071, 289762
 1.180 507981, 293222
 1.181 507991, 293232
 1.182 508021, 293402
 1.183 508031, 287552
 1.184 508231, 290032
 1.185 508241, 294602
 1.186 508251, 293342
 1.187 509531, 510482
 1.188 509541, 511002
 1.189 509551, 510502
  1.19 288081, 294502
 1.190 509561, 502152
 1.191 509571, 510992
 1.192 509641, 512532
 1.193 509651, 294192
 1.194 509671, 511062
 1.195 509681, 510862
 1.196 509691, 510792
 1.197 509701, 507792
 1.198 509721, 510522
 1.199 509731, 510412
   1.2 287541, 294832
  1.20 288101, 287482
 1.200 509741, 510902
 1.201 509751, 511082
 1.202 509761, 508112
 1.203 509771, 289902
 1.204 509781, 510892
 1.205 509791, 511252
 1.206 509801, 289782
 1.207 509811, 510852
 1.208 509821, 294512
 1.209 509831, 511242
  1.21 288151, 502092
 1.210 509841, 293282
 1.211 509861, 510802
 1.212 509871, 292472
 1.213 509891, 511262
 1.214 509901, 510982
 1.215 509911, 510812
 1.216 509921, 510842
 1.217 509931, 511012
 1.218 509941, 511292
 1.219 509951, 511112
  1.22 288171, 502002
 1.220 509961, 502042
 1.221 509971, 511102
 1.222 509981, 294722
 1.223 509991, 510462
 1.224 510001, 508142
 1.225 510011, 510392
 1.226 510031, 293132
 1.227 510061, 292482
 1.228 510071, 511212
 1.229 510091, 511052
  1.23 288201, 288632
 1.230 510111, 294702
 1.231 510121, 508162
 1.232 510131, 294462
 1.233 510141, 510872
 1.234 510331, 510822
 1.235 510351, 510912
 1.236 512051, 294252
 1.237 512061, 288832
 1.238 512081, 510972
 1.239 512101, 512552
  1.24 288221, 293522
 1.240 512111, 512512
 1.241 512121, 293202
 1.242 512141, 293992
 1.243 512161, 288522
 1.244 512171, 502102
 1.245 512181, 288882
 1.246 512201, 289002
 1.247 512211, 512502
 1.248 512221, 502172
 1.249 512231, 294742
  1.25 288241, 510692
 1.250 512241, 513132
 1.251 512251, 513062
 1.252 512261, 287632
 1.253 512291, 512602
 1.254 512301, 510532
 1.255 512341, 513082
 1.256 512351, 294752
 1.257 512371, 289042
 1.258 512391, 512692
 1.259 512401, 512752
  1.26 288351, 501952
 1.260 512411, 288772
 1.261 512481, 512732
 1.262 512491, 507862
 1.263 512911, 501962
 1.264 512931, 288952
 1.265 512951, 294292
 1.266 512981, 293322
 1.267 513011, 513142
 1.268 513021, 512642
 1.269 513171, 289512
  1.27 288381, 513092
  1.28 288431, 293832
  1.29 288441, 512622
   1.3 287581, 502032
  1.30 288531, 508222
  1.31 288551, 293952
  1.32 288571, 510832
  1.33 288591, 512802
  1.34 288601, 294432
  1.35 288611, 501942
  1.36 288641, 512772
  1.37 288651, 297572
  1.38 288661, 289022
  1.39 288691, 293092
   1.4 287611, 289742
  1.40 288711, 502132
  1.41 288721, 512542
  1.42 288731, 510492
  1.43 288741, 512682
  1.44 288761, 288142
  1.45 288791, 293052
  1.46 288841, 294552
  1.47 288851, 501132
  1.48 288901, 510542
  1.49 288961, 513162
   1.5 287651, 293782
  1.50 288971, 293462
  1.51 288981, 502012
  1.52 288991, 295052
  1.53 289011, 292512
  1.54 289031, 293012
  1.55 289051, 293902
  1.56 289061, 511282
  1.57 289081, 512612
  1.58 289201, 293792
  1.59 289241, 512712
   1.6 287681, 288372
  1.60 289251, 294732
  1.61 289271, 507902
  1.62 289331, 501982
  1.63 289341, 292962
  1.64 289351, 287472
  1.65 289361, 292432
  1.66 289381, 501042
  1.67 289391, 294232
  1.68 289401, 289562
  1.69 289411, 293592
   1.7 287711, 508192
  1.70 289421, 287502
  1.71 289491, 292282
  1.72 289521, 292382
  1.73 289581, 292492
  1.74 289631, 294182
  1.75 289641, 293962
  1.76 289671, 502142
  1.77 289681, 510562
  1.78 289721, 511032
  1.79 289821, 293742
   1.8 287781, 297532
  1.80 289861, 512762
  1.81 289871, 512722
  1.82 289881, 293332
  1.83 289921, 501052
  1.84 289951, 293732
  1.85 289971, 294212
  1.86 289981, 293082
  1.87 291521, 288042
  1.88 291541, 293242
  1.89 291561, 508092
   1.9 287791, 289942
  1.90 291571, 294322
  1.91 291601, 293042
  1.92 291651, 289702
  1.93 291681, 510962
  1.94 291721, 294712
  1.95 291751, 292372
  1.96 291771, 512672
  1.97 291791, 288912
  1.98 291811, 297512
  1.99 291831, 511022
